kinematics:
  shoulder:
    x: 0
    y: 0
    z: 0.1521751085387455
    roll: -0
    pitch: 0
    yaw: -5.0698845815988498e-08
  upper_arm:
    x: -0.00010843661071808535
    y: 0
    z: 0
    roll: 1.5721264414083675
    pitch: 0
    yaw: 1.3674624421928937e-06
  forearm:
    x: -0.24393555051344459
    y: 0
    z: 0
    roll: 0.00038145979657159092
    pitch: 0.00061391389484452064
    yaw: -5.8711398406335985e-06
  wrist_1:
    x: -0.21343882861564081
    y: -0.00036810431143306072
    z: 0.13094951686485029
    roll: 0.0028110324548776236
    pitch: 0.00068865718965554167
    yaw: 5.415234874424136e-06
  wrist_2:
    x: 5.3333949712519602e-06
    y: -0.085465290672057451
    z: -7.2705309848533159e-05
    roll: 1.5716470264384375
    pitch: 0
    yaw: -1.0905178317727193e-06
  wrist_3:
    x: -0.00012537898237640003
    y: 0.092521015076268087
    z: -5.4597495932057606e-05
    roll: 1.5702062177310305
    pitch: 3.1415926535897931
    yaw: 3.1415922710826267
  hash: calib_12876676167354703254